HIEROBJ  EWORLD                                             NONE                
ROOT                                                                            
1.0000000000000E+00 0.000000000000E+00  0.000000000000E+00  0.000000000000E+00  
0.000000000000E+00  1.0000000000000E+00 0.000000000000E+00  0.000000000000E+00  
0.000000000000E+00  0.000000000000E+00  1.0000000000000E+00 0.000000000000E+00  
0.000000000000E+00  0.000000000000E+00  0.000000000000E+00  1.0000000000000E+00 
HIEROBJ  EHIEROBJECT1                                       NONE                
BODYNCBF  WORLD                                   BODY1                         
1.0000000000000E+00 0.000000000000E+00  0.000000000000E+00  0.000000000000E+00  
0.000000000000E+00  1.0000000000000E+00 0.000000000000E+00  0.000000000000E+00  
0.000000000000E+00  0.000000000000E+00  1.0000000000000E+00 0.000000000000E+00  
0.000000000000E+00  0.000000000000E+00  0.000000000000E+00  1.0000000000000E+00 
HIEROBJ  EHIEROBJECT2                                       NONE                
CGTRIAD   HIEROBJECT1                                                           
-6.704676196820E-01 6.7236271992201E-01 3.1369020357196E-01 0.000000000000E+00  
7.0810016840108E-01 7.0611199624496E-01 -1.641096997567E-05 0.000000000000E+00  
-2.215114499711E-01 2.2211308295110E-01 -9.495253845547E-01 0.000000000000E+00  
5.6812807500000E-03 1.3194828172000E-01 2.4455747834000E-01 1.0000000000000E+00 
HIEROBJ  EHIEROBJECT3                                       NONE                
BODYNCBF  WORLD                                   BODY2                         
1.0000000000000E+00 0.000000000000E+00  0.000000000000E+00  0.000000000000E+00  
0.000000000000E+00  1.0000000000000E+00 0.000000000000E+00  0.000000000000E+00  
0.000000000000E+00  0.000000000000E+00  1.0000000000000E+00 0.000000000000E+00  
0.000000000000E+00  0.000000000000E+00  0.000000000000E+00  1.0000000000000E+00 
HIEROBJ  EHIEROBJECT4                                       NONE                
CGTRIAD   HIEROBJECT3                                                           
-5.751383464796E-01 8.1685891359879E-01 -4.424248730500E-02 0.000000000000E+00  
8.1745325928067E-01 5.7179738393990E-01 -6.941124268368E-02 0.000000000000E+00  
-3.140145379014E-02 -7.608723279034E-02 -9.966065832143E-01 0.000000000000E+00  
2.2724526690000E-02 1.2004084301000E-01 3.2976157314000E-01 1.0000000000000E+00 
HIEROBJ  EHIEROBJECT5                                       NONE                
BODYNCBF  WORLD                                   BODY3                         
1.0000000000000E+00 0.000000000000E+00  0.000000000000E+00  0.000000000000E+00  
0.000000000000E+00  1.0000000000000E+00 0.000000000000E+00  0.000000000000E+00  
0.000000000000E+00  0.000000000000E+00  1.0000000000000E+00 0.000000000000E+00  
0.000000000000E+00  0.000000000000E+00  0.000000000000E+00  1.0000000000000E+00 
HIEROBJ  EHIEROBJECT6                                       NONE                
CGTRIAD   HIEROBJECT5                                                           
7.0919231167291E-01 -7.030719042924E-01 5.2308340240171E-02 0.000000000000E+00  
-3.411638343326E-02 3.9883784472075E-02 9.9862172824229E-01 0.000000000000E+00  
-7.041891347113E-01 -7.099994233313E-01 4.2990026400205E-03 0.000000000000E+00  
3.8147434400000E-02 9.8942659590000E-02 2.3043383268000E-01 1.0000000000000E+00 
HIEROBJ  EHIEROBJECT7                                       NONE                
BODYNCBF  WORLD                                   BODY4                         
1.0000000000000E+00 0.000000000000E+00  0.000000000000E+00  0.000000000000E+00  
0.000000000000E+00  1.0000000000000E+00 0.000000000000E+00  0.000000000000E+00  
0.000000000000E+00  0.000000000000E+00  1.0000000000000E+00 0.000000000000E+00  
0.000000000000E+00  0.000000000000E+00  0.000000000000E+00  1.0000000000000E+00 
HIEROBJ  EHIEROBJECT8                                       NONE                
CGTRIAD   HIEROBJECT7                                                           
1.4853612248711E-01 -4.819939185270E-01 8.6349225984922E-01 0.000000000000E+00  
6.5860937514448E-01 6.9956703194688E-01 2.7719967313261E-01 0.000000000000E+00  
-7.376792739994E-01 5.2752993309957E-01 4.2135668784970E-01 0.000000000000E+00  
-8.706364110000E-03 1.0429877692000E-01 3.9513389400000E-01 1.0000000000000E+00 
HIEROBJ  EHIEROBJECT9                                       NONE                
BODYNCBF  WORLD                                   BODY5                         
1.0000000000000E+00 0.000000000000E+00  0.000000000000E+00  0.000000000000E+00  
0.000000000000E+00  1.0000000000000E+00 0.000000000000E+00  0.000000000000E+00  
0.000000000000E+00  0.000000000000E+00  1.0000000000000E+00 0.000000000000E+00  
0.000000000000E+00  0.000000000000E+00  0.000000000000E+00  1.0000000000000E+00 
HIEROBJ  EHIEROBJECT10                                      NONE                
CGTRIAD   HIEROBJECT9                                                           
-6.917038139802E-01 6.8267539212036E-01 -2.355846826908E-01 0.000000000000E+00  
6.7244091893279E-01 7.2780002813280E-01 1.3464891234135E-01 0.000000000000E+00  
2.6338003772126E-01 -6.527961430031E-02 -9.624809232846E-01 0.000000000000E+00  
1.0333358730000E-02 1.1210165554000E-01 4.0755025465000E-01 1.0000000000000E+00 
HIEROBJ  EHIEROBJECT11                                      NONE                
BODYNCBF  WORLD                                   BODY6                         
1.0000000000000E+00 0.000000000000E+00  0.000000000000E+00  0.000000000000E+00  
0.000000000000E+00  1.0000000000000E+00 0.000000000000E+00  0.000000000000E+00  
0.000000000000E+00  0.000000000000E+00  1.0000000000000E+00 0.000000000000E+00  
0.000000000000E+00  0.000000000000E+00  0.000000000000E+00  1.0000000000000E+00 
HIEROBJ  EHIEROBJECT12                                      NONE                
CGTRIAD   HIEROBJECT11                                                          
6.6546636804864E-01 -3.392077537584E-01 6.6490045329082E-01 0.000000000000E+00  
6.5326059814459E-01 6.9562014235249E-01 -2.989367967736E-01 0.000000000000E+00  
-3.611164686191E-01 6.3328565224840E-01 6.8450286978828E-01 0.000000000000E+00  
3.6624386140000E-02 1.5215769573000E-01 4.0060135211000E-01 1.0000000000000E+00 
HIEROBJ  EHIEROBJECT13                                      NONE                
BODYNCBF  WORLD                                   BODY7                         
1.0000000000000E+00 0.000000000000E+00  0.000000000000E+00  0.000000000000E+00  
0.000000000000E+00  1.0000000000000E+00 0.000000000000E+00  0.000000000000E+00  
0.000000000000E+00  0.000000000000E+00  1.0000000000000E+00 0.000000000000E+00  
0.000000000000E+00  0.000000000000E+00  0.000000000000E+00  1.0000000000000E+00 
HIEROBJ  EHIEROBJECT14                                      NONE                
CGTRIAD   HIEROBJECT13                                                          
-7.191502376573E-01 6.8554040449763E-01 1.1338998844085E-01 0.000000000000E+00  
6.7910826717452E-01 7.2797522177828E-01 -9.414901981479E-02 0.000000000000E+00  
-1.470880591096E-01 9.2967885899904E-03 -9.890797099270E-01 0.000000000000E+00  
3.0762209840000E-02 1.2618877564000E-01 4.0873386987000E-01 1.0000000000000E+00 
HIEROBJ  EHIEROBJECT15                                      NONE                
BODYNCBF  WORLD                                   BODY8                         
1.0000000000000E+00 0.000000000000E+00  0.000000000000E+00  0.000000000000E+00  
0.000000000000E+00  1.0000000000000E+00 0.000000000000E+00  0.000000000000E+00  
0.000000000000E+00  0.000000000000E+00  1.0000000000000E+00 0.000000000000E+00  
0.000000000000E+00  0.000000000000E+00  0.000000000000E+00  1.0000000000000E+00 
HIEROBJ  EHIEROBJECT16                                      NONE                
CGTRIAD   HIEROBJECT15                                                          
-3.588549890953E-01 -3.864727512471E-01 8.4962456964523E-01 0.000000000000E+00  
8.4994267741954E-02 8.9294183673801E-01 4.4207561644357E-01 0.000000000000E+00  
-9.295155035030E-01 2.3085425867074E-01 -2.875886645909E-01 0.000000000000E+00  
8.5070058210000E-02 1.3448113016000E-01 3.5095032694000E-01 1.0000000000000E+00 
HIEROBJ  EHIEROBJECT17                                      NONE                
BODYNCBF  WORLD                                   BODY9                         
1.0000000000000E+00 0.000000000000E+00  0.000000000000E+00  0.000000000000E+00  
0.000000000000E+00  1.0000000000000E+00 0.000000000000E+00  0.000000000000E+00  
0.000000000000E+00  0.000000000000E+00  1.0000000000000E+00 0.000000000000E+00  
0.000000000000E+00  0.000000000000E+00  0.000000000000E+00  1.0000000000000E+00 
HIEROBJ  EHIEROBJECT18                                      NONE                
CGTRIAD   HIEROBJECT17                                                          
3.0982553969127E-01 -5.765090465720E-01 7.5607238686227E-01 0.000000000000E+00  
6.5702785765895E-01 7.0460950435558E-01 2.6802955178836E-01 0.000000000000E+00  
-6.872572511186E-01 4.1371822003917E-01 5.9708852374880E-01 0.000000000000E+00  
-3.135223056000E-02 1.1501689958000E-01 4.2012317360000E-01 1.0000000000000E+00 
HIEROBJ  EHIEROBJECT19                                      NONE                
BODYNCBF  WORLD                                   BODY10                        
1.0000000000000E+00 0.000000000000E+00  0.000000000000E+00  0.000000000000E+00  
0.000000000000E+00  1.0000000000000E+00 0.000000000000E+00  0.000000000000E+00  
0.000000000000E+00  0.000000000000E+00  1.0000000000000E+00 0.000000000000E+00  
0.000000000000E+00  0.000000000000E+00  0.000000000000E+00  1.0000000000000E+00 
HIEROBJ  EHIEROBJECT20                                      NONE                
CGTRIAD   HIEROBJECT19                                                          
-6.359684037533E-01 7.0907476363276E-01 -3.045606163093E-01 0.000000000000E+00  
6.5714899888925E-01 7.0450747977085E-01 2.6800075411422E-01 0.000000000000E+00  
4.0459780361044E-01 -2.970169231004E-02 -9.140122684010E-01 0.000000000000E+00  
-2.002171888000E-02 1.0972368533000E-01 4.0675188790000E-01 1.0000000000000E+00 
HIEROBJ  EHIEROBJECT21                                      NONE                
BODYNCBF  WORLD                                   BODY11                        
1.0000000000000E+00 0.000000000000E+00  0.000000000000E+00  0.000000000000E+00  
0.000000000000E+00  1.0000000000000E+00 0.000000000000E+00  0.000000000000E+00  
0.000000000000E+00  0.000000000000E+00  1.0000000000000E+00 0.000000000000E+00  
0.000000000000E+00  0.000000000000E+00  0.000000000000E+00  1.0000000000000E+00 
HIEROBJ  EHIEROBJECT22                                      NONE                
CGTRIAD   HIEROBJECT21                                                          
-7.019317319449E-01 7.0172439717376E-01 -1.219619370952E-01 0.000000000000E+00  
6.8778933443950E-01 7.1230487561036E-01 1.3988422217312E-01 0.000000000000E+00  
1.8503425391038E-01 1.4305054800047E-02 -9.826279511020E-01 0.000000000000E+00  
3.6618257300000E-03 1.1263228513000E-01 4.3455781242000E-01 1.0000000000000E+00 
HIEROBJ  EHIEROBJECT23                                      NONE                
BODYNCBF  WORLD                                   BODY12                        
1.0000000000000E+00 0.000000000000E+00  0.000000000000E+00  0.000000000000E+00  
0.000000000000E+00  1.0000000000000E+00 0.000000000000E+00  0.000000000000E+00  
0.000000000000E+00  0.000000000000E+00  1.0000000000000E+00 0.000000000000E+00  
0.000000000000E+00  0.000000000000E+00  0.000000000000E+00  1.0000000000000E+00 
HIEROBJ  EHIEROBJECT24                                      NONE                
CGTRIAD   HIEROBJECT23                                                          
7.4673853743026E-01 -5.825863226482E-01 3.2089676436484E-01 0.000000000000E+00  
6.6330361207616E-01 6.8790470005217E-01 -2.946446026196E-01 0.000000000000E+00  
-4.909047690984E-02 4.3287446252861E-01 9.0011656176705E-01 0.000000000000E+00  
3.0354564400000E-02 1.6653572282000E-01 4.2198222138000E-01 1.0000000000000E+00 
HIEROBJ  EHIEROBJECT25                                      NONE                
BODYNCBF  WORLD                                   BODY13                        
1.0000000000000E+00 0.000000000000E+00  0.000000000000E+00  0.000000000000E+00  
0.000000000000E+00  1.0000000000000E+00 0.000000000000E+00  0.000000000000E+00  
0.000000000000E+00  0.000000000000E+00  1.0000000000000E+00 0.000000000000E+00  
0.000000000000E+00  0.000000000000E+00  0.000000000000E+00  1.0000000000000E+00 
HIEROBJ  EHIEROBJECT26                                      NONE                
CGTRIAD   HIEROBJECT25                                                          
7.3425875759207E-01 -6.449834412526E-01 -2.118028267264E-01 0.000000000000E+00  
6.7566306931417E-01 7.2460111516279E-01 1.3576686145666E-01 0.000000000000E+00  
6.5905186930189E-02 -2.427953550107E-01 9.6783620614282E-01 0.000000000000E+00  
1.4522993200000E-03 1.1008453986000E-01 4.5844534174000E-01 1.0000000000000E+00 
HIEROBJ  EHIEROBJECT27                                      NONE                
BODYNCBF  WORLD                                   BODY14                        
1.0000000000000E+00 0.000000000000E+00  0.000000000000E+00  0.000000000000E+00  
0.000000000000E+00  1.0000000000000E+00 0.000000000000E+00  0.000000000000E+00  
0.000000000000E+00  0.000000000000E+00  1.0000000000000E+00 0.000000000000E+00  
0.000000000000E+00  0.000000000000E+00  0.000000000000E+00  1.0000000000000E+00 
HIEROBJ  EHIEROBJECT28                                      NONE                
CGTRIAD   HIEROBJECT27                                                          
7.3111261343883E-01 -6.822557098907E-01 -1.221798754118E-03 0.000000000000E+00  
6.5012174879203E-01 6.9721841251612E-01 -3.020400585950E-01 0.000000000000E+00  
2.0692041517995E-01 2.2003097865994E-01 9.5329445094981E-01 0.000000000000E+00  
3.1515454400000E-02 1.7508122572000E-01 4.4452446880000E-01 1.0000000000000E+00 
HIEROBJ  EHIEROBJECT29                                      NONE                
BODYNCBF  WORLD                                   BODY15                        
1.0000000000000E+00 0.000000000000E+00  0.000000000000E+00  0.000000000000E+00  
0.000000000000E+00  1.0000000000000E+00 0.000000000000E+00  0.000000000000E+00  
0.000000000000E+00  0.000000000000E+00  1.0000000000000E+00 0.000000000000E+00  
0.000000000000E+00  0.000000000000E+00  0.000000000000E+00  1.0000000000000E+00 
HIEROBJ  EHIEROBJECT30                                      NONE                
CGTRIAD   HIEROBJECT29                                                          
-7.009097396549E-01 7.0650101509471E-01 9.7886937469047E-02 0.000000000000E+00  
6.9980638132621E-01 7.0771185765257E-01 -9.703069201580E-02 0.000000000000E+00  
-1.378280287606E-01 4.9214640998838E-04 -9.904560526747E-01 0.000000000000E+00  
3.4663458090000E-02 1.2574211157000E-01 4.3996948249000E-01 1.0000000000000E+00 
HIEROBJ  EHIEROBJECT31                                      NONE                
BODYNCBF  WORLD                                   BODY16                        
1.0000000000000E+00 0.000000000000E+00  0.000000000000E+00  0.000000000000E+00  
0.000000000000E+00  1.0000000000000E+00 0.000000000000E+00  0.000000000000E+00  
0.000000000000E+00  0.000000000000E+00  1.0000000000000E+00 0.000000000000E+00  
0.000000000000E+00  0.000000000000E+00  0.000000000000E+00  1.0000000000000E+00 
HIEROBJ  EHIEROBJECT32                                      NONE                
CGTRIAD   HIEROBJECT31                                                          
7.3354221782006E-01 -6.781629188002E-01 4.4842727838653E-02 0.000000000000E+00  
6.7892771423965E-01 7.2814435100773E-01 -9.414331061124E-02 0.000000000000E+00  
3.1192523350143E-02 9.9503063570462E-02 9.9454822247448E-01 0.000000000000E+00  
3.5882565090000E-02 1.2794446659000E-01 4.6735672014000E-01 1.0000000000000E+00 
HIEROBJ  EHIEROBJECT33                                      NONE                
BODYNCBF  WORLD                                   BODY17                        
1.0000000000000E+00 0.000000000000E+00  0.000000000000E+00  0.000000000000E+00  
0.000000000000E+00  1.0000000000000E+00 0.000000000000E+00  0.000000000000E+00  
0.000000000000E+00  0.000000000000E+00  1.0000000000000E+00 0.000000000000E+00  
0.000000000000E+00  0.000000000000E+00  0.000000000000E+00  1.0000000000000E+00 
HIEROBJ  EHIEROBJECT34                                      NONE                
CGTRIAD   HIEROBJECT33                                                          
-6.672297416916E-01 -2.784936663288E-01 6.9082975443800E-01 0.000000000000E+00  
8.4962255930982E-02 8.9296289497343E-01 4.4203923272464E-01 0.000000000000E+00  
-7.399904640394E-01 3.5363617746972E-01 -5.721499515995E-01 0.000000000000E+00  
1.0949424240000E-01 1.2754626981000E-01 3.6028296647000E-01 1.0000000000000E+00 
HIEROBJ  EHIEROBJECT35                                      NONE                
BODYNCBF  WORLD                                   BODY18                        
1.0000000000000E+00 0.000000000000E+00  0.000000000000E+00  0.000000000000E+00  
0.000000000000E+00  1.0000000000000E+00 0.000000000000E+00  0.000000000000E+00  
0.000000000000E+00  0.000000000000E+00  1.0000000000000E+00 0.000000000000E+00  
0.000000000000E+00  0.000000000000E+00  0.000000000000E+00  1.0000000000000E+00 
HIEROBJ  EHIEROBJECT36                                      NONE                
CGTRIAD   HIEROBJECT35                                                          
7.3135859768114E-01 -6.819931096411E-01 0.000000000000E+00  0.000000000000E+00  
6.8199310964105E-01 7.3135859768114E-01 0.000000000000E+00  0.000000000000E+00  
0.000000000000E+00  0.000000000000E+00  1.0000000000000E+00 0.000000000000E+00  
-1.393493288000E-02 1.2958981733000E-01 3.4307809909000E-01 1.0000000000000E+00 
HIEROBJ  EHIEROBJECT37                                      NONE                
BODYNCBF  WORLD                                   BODY19                        
1.0000000000000E+00 0.000000000000E+00  0.000000000000E+00  0.000000000000E+00  
0.000000000000E+00  1.0000000000000E+00 0.000000000000E+00  0.000000000000E+00  
0.000000000000E+00  0.000000000000E+00  1.0000000000000E+00 0.000000000000E+00  
0.000000000000E+00  0.000000000000E+00  0.000000000000E+00  1.0000000000000E+00 
HIEROBJ  EHIEROBJECT38                                      NONE                
CGTRIAD   HIEROBJECT37                                                          
7.3135859768114E-01 -6.819931096411E-01 0.000000000000E+00  0.000000000000E+00  
6.8199310964105E-01 7.3135859768114E-01 0.000000000000E+00  0.000000000000E+00  
0.000000000000E+00  0.000000000000E+00  1.0000000000000E+00 0.000000000000E+00  
-6.614864500000E-04 1.3464561486000E-01 3.3007809909000E-01 1.0000000000000E+00 
HIEROBJ  EHIEROBJECT39                                      NONE                
BODYNCBF  WORLD                                   BODY20                        
1.0000000000000E+00 0.000000000000E+00  0.000000000000E+00  0.000000000000E+00  
0.000000000000E+00  1.0000000000000E+00 0.000000000000E+00  0.000000000000E+00  
0.000000000000E+00  0.000000000000E+00  1.0000000000000E+00 0.000000000000E+00  
0.000000000000E+00  0.000000000000E+00  0.000000000000E+00  1.0000000000000E+00 
HIEROBJ  EHIEROBJECT40                                      NONE                
CGTRIAD   HIEROBJECT39                                                          
7.3135859768113E-01 -6.819931096411E-01 0.000000000000E+00  0.000000000000E+00  
6.8199310964107E-01 7.3135859768113E-01 0.000000000000E+00  0.000000000000E+00  
0.000000000000E+00  0.000000000000E+00  1.0000000000000E+00 0.000000000000E+00  
-1.805231074000E-02 1.1599597062000E-01 3.3007809909000E-01 1.0000000000000E+00 
HIEROBJ  EHIEROBJECT41                                      NONE                
BODYNCBF  WORLD                                   BODY21                        
1.0000000000000E+00 0.000000000000E+00  0.000000000000E+00  0.000000000000E+00  
0.000000000000E+00  1.0000000000000E+00 0.000000000000E+00  0.000000000000E+00  
0.000000000000E+00  0.000000000000E+00  1.0000000000000E+00 0.000000000000E+00  
0.000000000000E+00  0.000000000000E+00  0.000000000000E+00  1.0000000000000E+00 
HIEROBJ  EHIEROBJECT42                                      NONE                
CGTRIAD   HIEROBJECT41                                                          
7.3135859768114E-01 -6.819931096411E-01 0.000000000000E+00  0.000000000000E+00  
6.8199310964105E-01 7.3135859768114E-01 0.000000000000E+00  0.000000000000E+00  
0.000000000000E+00  0.000000000000E+00  1.0000000000000E+00 0.000000000000E+00  
-6.614864500000E-04 1.3464561486000E-01 3.5607809909000E-01 1.0000000000000E+00 
HIEROBJ  EHIEROBJECT43                                      NONE                
BODYNCBF  WORLD                                   BODY22                        
1.0000000000000E+00 0.000000000000E+00  0.000000000000E+00  0.000000000000E+00  
0.000000000000E+00  1.0000000000000E+00 0.000000000000E+00  0.000000000000E+00  
0.000000000000E+00  0.000000000000E+00  1.0000000000000E+00 0.000000000000E+00  
0.000000000000E+00  0.000000000000E+00  0.000000000000E+00  1.0000000000000E+00 
HIEROBJ  EHIEROBJECT44                                      NONE                
CGTRIAD   HIEROBJECT43                                                          
7.3135859768113E-01 -6.819931096411E-01 0.000000000000E+00  0.000000000000E+00  
6.8199310964107E-01 7.3135859768113E-01 0.000000000000E+00  0.000000000000E+00  
0.000000000000E+00  0.000000000000E+00  1.0000000000000E+00 0.000000000000E+00  
-1.805231074000E-02 1.1599597062000E-01 3.5607809909000E-01 1.0000000000000E+00 
HIEROBJ  EHIEROBJECT45                                      NONE                
BODYNCBF  WORLD                                   BODY23                        
1.0000000000000E+00 0.000000000000E+00  0.000000000000E+00  0.000000000000E+00  
0.000000000000E+00  1.0000000000000E+00 0.000000000000E+00  0.000000000000E+00  
0.000000000000E+00  0.000000000000E+00  1.0000000000000E+00 0.000000000000E+00  
0.000000000000E+00  0.000000000000E+00  0.000000000000E+00  1.0000000000000E+00 
HIEROBJ  EHIEROBJECT46                                      NONE                
CGTRIAD   HIEROBJECT45                                                          
4.3993212135693E-01 8.9732430629635E-01 3.5620470633792E-02 0.000000000000E+00  
8.8509192370188E-01 -4.265431906133E-01 -1.862073928155E-01 0.000000000000E+00  
-1.518947503902E-01 1.1344600421011E-01 -9.818645471411E-01 0.000000000000E+00  
-3.051354276000E-02 1.4217549566000E-01 3.4363380083000E-01 1.0000000000000E+00 
HIEROBJ  EHIEROBJECT47                                      NONE                
BODYNCBF  WORLD                                   BODY24                        
1.0000000000000E+00 0.000000000000E+00  0.000000000000E+00  0.000000000000E+00  
0.000000000000E+00  1.0000000000000E+00 0.000000000000E+00  0.000000000000E+00  
0.000000000000E+00  0.000000000000E+00  1.0000000000000E+00 0.000000000000E+00  
0.000000000000E+00  0.000000000000E+00  0.000000000000E+00  1.0000000000000E+00 
HIEROBJ  EHIEROBJECT48                                      NONE                
CGTRIAD   HIEROBJECT47                                                          
1.1258798369964E-01 9.9364175917685E-01 1.8611379597181E-05 0.000000000000E+00  
9.9364174592801E-01 -1.125879852377E-01 1.6226290892344E-04 0.000000000000E+00  
1.6332662000318E-04 2.2418997214274E-07 -9.999999866622E-01 0.000000000000E+00  
-2.946555847000E-02 1.4372878027000E-01 3.8743125800000E-01 1.0000000000000E+00 
HIEROBJ  EHIEROBJECT49                                      NONE                
BODYNCBF  WORLD                                   BODY25                        
1.0000000000000E+00 0.000000000000E+00  0.000000000000E+00  0.000000000000E+00  
0.000000000000E+00  1.0000000000000E+00 0.000000000000E+00  0.000000000000E+00  
0.000000000000E+00  0.000000000000E+00  1.0000000000000E+00 0.000000000000E+00  
0.000000000000E+00  0.000000000000E+00  0.000000000000E+00  1.0000000000000E+00 
HIEROBJ  EHIEROBJECT50                                      NONE                
CGTRIAD   HIEROBJECT49                                                          
0.000000000000E+00  0.000000000000E+00  1.0000000000000E+00 0.000000000000E+00  
7.3135859768115E-01 -6.819931096410E-01 0.000000000000E+00  0.000000000000E+00  
6.8199310964104E-01 7.3135859768115E-01 0.000000000000E+00  0.000000000000E+00  
1.5780753200000E-03 1.3458267532000E-01 3.4307809909000E-01 1.0000000000000E+00 
HIEROBJ  EHIEROBJECT51                                      NONE                
BODYNCBF  WORLD                                   BODY26                        
1.0000000000000E+00 0.000000000000E+00  0.000000000000E+00  0.000000000000E+00  
0.000000000000E+00  1.0000000000000E+00 0.000000000000E+00  0.000000000000E+00  
0.000000000000E+00  0.000000000000E+00  1.0000000000000E+00 0.000000000000E+00  
0.000000000000E+00  0.000000000000E+00  0.000000000000E+00  1.0000000000000E+00 
HIEROBJ  EHIEROBJECT52                                      NONE                
CGTRIAD   HIEROBJECT51                                                          
1.0000000000000E+00 0.000000000000E+00  0.000000000000E+00  0.000000000000E+00  
0.000000000000E+00  1.0000000000000E+00 0.000000000000E+00  0.000000000000E+00  
0.000000000000E+00  0.000000000000E+00  1.0000000000000E+00 0.000000000000E+00  
0.000000000000E+00  0.000000000000E+00  0.000000000000E+00  1.0000000000000E+00 
HIEROBJ  EHIEROBJECT53                                      NONE                
JFCTRIAD  HIEROBJECT1                                                           
-6.704676196820E-01 6.7236271992201E-01 3.1369020357196E-01 0.000000000000E+00  
7.0810016840108E-01 7.0611199624496E-01 -1.641096997568E-05 0.000000000000E+00  
-2.215114499711E-01 2.2211308295110E-01 -9.495253845547E-01 0.000000000000E+00  
0.000000000000E+00  0.000000000000E+00  0.000000000000E+00  1.0000000000000E+00 
HIEROBJ  EHIEROBJECT54                                      NONE                
JFCTRIAD  HIEROBJECT1                                                           
-6.704676196820E-01 6.7236271992201E-01 3.1369020357196E-01 0.000000000000E+00  
7.0810016840108E-01 7.0611199624496E-01 -1.641096997568E-05 0.000000000000E+00  
-2.215114499711E-01 2.2211308295110E-01 -9.495253845547E-01 0.000000000000E+00  
5.6812807500000E-03 1.3194828172000E-01 2.4455747834000E-01 1.0000000000000E+00 
HIEROBJ  EHIEROBJECT55                                      NONE                
JFCTRIAD  HIEROBJECT3                                                           
-5.751383464796E-01 8.1685891359879E-01 -4.424248730500E-02 0.000000000000E+00  
8.1745325928067E-01 5.7179738393990E-01 -6.941124268368E-02 0.000000000000E+00  
-3.140145379014E-02 -7.608723279034E-02 -9.966065832143E-01 0.000000000000E+00  
0.000000000000E+00  0.000000000000E+00  0.000000000000E+00  1.0000000000000E+00 
HIEROBJ  EHIEROBJECT56                                      NONE                
JFCTRIAD  HIEROBJECT3                                                           
-5.751383464796E-01 8.1685891359879E-01 -4.424248730500E-02 0.000000000000E+00  
8.1745325928067E-01 5.7179738393990E-01 -6.941124268368E-02 0.000000000000E+00  
-3.140145379014E-02 -7.608723279034E-02 -9.966065832143E-01 0.000000000000E+00  
2.2724526690000E-02 1.2004084301000E-01 3.2976157314000E-01 1.0000000000000E+00 
HIEROBJ  EHIEROBJECT57                                      NONE                
JFCTRIAD  HIEROBJECT3                                                           
-3.778354350713E-01 1.1102230246252E-16 9.2587276879952E-01 0.000000000000E+00  
-6.523514545910E-01 7.0962454470915E-01 -2.662152986575E-01 0.000000000000E+00  
-6.570220420180E-01 -7.045800206835E-01 -2.681212985875E-01 0.000000000000E+00  
-8.674595409832E-04 9.9390063547581E-02 3.8873896163568E-01 1.0000000000000E+00 
HIEROBJ  EHIEROBJECT58                                      NONE                
JFCTRIAD  HIEROBJECT3                                                           
1.9696010769496E-01 -1.110223024625E-16 -9.804115033886E-01 0.000000000000E+00  
-7.103957737152E-01 6.8918082904434E-01 -1.427152043947E-01 0.000000000000E+00  
6.7568081270999E-01 7.2458939053629E-01 1.3574113030988E-01 0.000000000000E+00  
1.2562673994606E-02 1.1290910660399E-01 3.9233536791152E-01 1.0000000000000E+00 
HIEROBJ  EHIEROBJECT59                                      NONE                
JFCTRIAD  HIEROBJECT3                                                           
1.3731695099158E-01 0.000000000000E+00  9.9052716013766E-01 0.000000000000E+00  
-7.212143581479E-01 6.8545855827774E-01 9.9982070818183E-02 0.000000000000E+00  
-6.789653191229E-01 -7.281116431453E-01 9.4125079253781E-02 0.000000000000E+00  
2.6070960751832E-02 1.2846763580871E-01 3.9253628236943E-01 1.0000000000000E+00 
HIEROBJ  EHIEROBJECT60                                      NONE                
JFCTRIAD  HIEROBJECT3                                                           
4.2135334241060E-01 0.000000000000E+00  9.0689655465186E-01 0.000000000000E+00  
-6.322846901499E-01 7.1688051747787E-01 2.9376588342203E-01 0.000000000000E+00  
-6.501364713977E-01 -6.971960439221E-01 3.0206000214834E-01 0.000000000000E+00  
4.0315213933386E-02 1.4348909868552E-01 3.8862333555161E-01 1.0000000000000E+00 
HIEROBJ  EHIEROBJECT61                                      NONE                
JFCTRIAD  HIEROBJECT3                                                           
-9.819820158178E-01 0.000000000000E+00  1.8897439141426E-01 0.000000000000E+00  
-1.687522842705E-01 4.5007605847369E-01 -8.769003410549E-01 0.000000000000E+00  
-8.505284924020E-02 -8.929902248002E-01 -4.419665951713E-01 0.000000000000E+00  
7.1627060047640E-02 1.3899506763796E-01 3.4440684501365E-01 1.0000000000000E+00 
HIEROBJ  EHIEROBJECT62                                      NONE                
JFCTRIAD  HIEROBJECT5                                                           
7.0919231167291E-01 -7.030719042924E-01 5.2308340240171E-02 0.000000000000E+00  
-3.411638343326E-02 3.9883784472075E-02 9.9862172824229E-01 0.000000000000E+00  
-7.041891347113E-01 -7.099994233313E-01 4.2990026400207E-03 0.000000000000E+00  
0.000000000000E+00  0.000000000000E+00  0.000000000000E+00  1.0000000000000E+00 
HIEROBJ  EHIEROBJECT63                                      NONE                
JFCTRIAD  HIEROBJECT5                                                           
7.0919231167291E-01 -7.030719042924E-01 5.2308340240171E-02 0.000000000000E+00  
-3.411638343326E-02 3.9883784472075E-02 9.9862172824229E-01 0.000000000000E+00  
-7.041891347113E-01 -7.099994233313E-01 4.2990026400207E-03 0.000000000000E+00  
3.8147434400000E-02 9.8942659590000E-02 2.3043383268000E-01 1.0000000000000E+00 
HIEROBJ  EHIEROBJECT64                                      NONE                
JFCTRIAD  HIEROBJECT7                                                           
1.4853612248711E-01 -4.819939185270E-01 8.6349225984922E-01 0.000000000000E+00  
6.5860937514448E-01 6.9956703194688E-01 2.7719967313261E-01 0.000000000000E+00  
-7.376792739994E-01 5.2752993309957E-01 4.2135668784970E-01 0.000000000000E+00  
0.000000000000E+00  0.000000000000E+00  0.000000000000E+00  1.0000000000000E+00 
HIEROBJ  EHIEROBJECT65                                      NONE                
JFCTRIAD  HIEROBJECT7                                                           
1.4853612248711E-01 -4.819939185270E-01 8.6349225984922E-01 0.000000000000E+00  
6.5860937514448E-01 6.9956703194688E-01 2.7719967313261E-01 0.000000000000E+00  
-7.376792739994E-01 5.2752993309957E-01 4.2135668784970E-01 0.000000000000E+00  
-8.706364110000E-03 1.0429877692000E-01 3.9513389400000E-01 1.0000000000000E+00 
HIEROBJ  EHIEROBJECT66                                      NONE                
JFCTRIAD  HIEROBJECT7                                                           
-3.778354350713E-01 1.1102230246252E-16 9.2587276879952E-01 0.000000000000E+00  
-6.523514545910E-01 7.0962454470915E-01 -2.662152986575E-01 0.000000000000E+00  
-6.570220420180E-01 -7.045800206835E-01 -2.681212985875E-01 0.000000000000E+00  
-8.674595409832E-04 9.9390063547581E-02 3.8873896163568E-01 1.0000000000000E+00 
HIEROBJ  EHIEROBJECT67                                      NONE                
JFCTRIAD  HIEROBJECT7                                                           
-3.778354350707E-01 1.6653345369377E-16 9.2587276879975E-01 0.000000000000E+00  
-6.523514545914E-01 7.0962454470888E-01 -2.662152986572E-01 0.000000000000E+00  
-6.570220420179E-01 -7.045800206837E-01 -2.681212985870E-01 0.000000000000E+00  
-1.761675025749E-02 1.1088839080391E-01 3.9774745964117E-01 1.0000000000000E+00 
HIEROBJ  EHIEROBJECT68                                      NONE                
JFCTRIAD  HIEROBJECT9                                                           
-6.917038139802E-01 6.8267539212036E-01 -2.355846826908E-01 0.000000000000E+00  
6.7244091893279E-01 7.2780002813280E-01 1.3464891234135E-01 0.000000000000E+00  
2.6338003772126E-01 -6.527961430031E-02 -9.624809232846E-01 0.000000000000E+00  
0.000000000000E+00  0.000000000000E+00  0.000000000000E+00  1.0000000000000E+00 
HIEROBJ  EHIEROBJECT69                                      NONE                
JFCTRIAD  HIEROBJECT9                                                           
-6.917038139802E-01 6.8267539212036E-01 -2.355846826908E-01 0.000000000000E+00  
6.7244091893279E-01 7.2780002813280E-01 1.3464891234135E-01 0.000000000000E+00  
2.6338003772126E-01 -6.527961430031E-02 -9.624809232846E-01 0.000000000000E+00  
1.0333358730000E-02 1.1210165554000E-01 4.0755025465000E-01 1.0000000000000E+00 
HIEROBJ  EHIEROBJECT70                                      NONE                
JFCTRIAD  HIEROBJECT9                                                           
1.9696010769496E-01 -1.110223024625E-16 -9.804115033886E-01 0.000000000000E+00  
-7.103957737152E-01 6.8918082904434E-01 -1.427152043947E-01 0.000000000000E+00  
6.7568081270999E-01 7.2458939053629E-01 1.3574113030988E-01 0.000000000000E+00  
1.2562673994606E-02 1.1290910660399E-01 3.9233536791152E-01 1.0000000000000E+00 
HIEROBJ  EHIEROBJECT71                                      NONE                
JFCTRIAD  HIEROBJECT9                                                           
-1.969601076950E-01 -1.249000902703E-16 9.8041150338865E-01 0.000000000000E+00  
-7.103957737152E-01 6.8918082904434E-01 -1.427152043947E-01 0.000000000000E+00  
-6.756808127100E-01 -7.245893905363E-01 -1.357411303099E-01 0.000000000000E+00  
4.1148823484624E-03 1.1456409802829E-01 4.2128880375507E-01 1.0000000000000E+00 
HIEROBJ  EHIEROBJECT72                                      NONE                
JFCTRIAD  HIEROBJECT11                                                          
6.6546636804864E-01 -3.392077537584E-01 6.6490045329082E-01 0.000000000000E+00  
6.5326059814459E-01 6.9562014235249E-01 -2.989367967736E-01 0.000000000000E+00  
-3.611164686191E-01 6.3328565224840E-01 6.8450286978828E-01 0.000000000000E+00  
0.000000000000E+00  0.000000000000E+00  0.000000000000E+00  1.0000000000000E+00 
HIEROBJ  EHIEROBJECT73                                      NONE                
JFCTRIAD  HIEROBJECT11                                                          
6.6546636804864E-01 -3.392077537584E-01 6.6490045329082E-01 0.000000000000E+00  
6.5326059814459E-01 6.9562014235249E-01 -2.989367967736E-01 0.000000000000E+00  
-3.611164686191E-01 6.3328565224840E-01 6.8450286978828E-01 0.000000000000E+00  
3.6624386140000E-02 1.5215769573000E-01 4.0060135211000E-01 1.0000000000000E+00 
HIEROBJ  EHIEROBJECT74                                      NONE                
JFCTRIAD  HIEROBJECT11                                                          
4.2135334241060E-01 0.000000000000E+00  9.0689655465186E-01 0.000000000000E+00  
-6.322846901499E-01 7.1688051747787E-01 2.9376588342203E-01 0.000000000000E+00  
-6.501364713977E-01 -6.971960439221E-01 3.0206000214834E-01 0.000000000000E+00  
4.0315213933386E-02 1.4348909868552E-01 3.8862333555161E-01 1.0000000000000E+00 
HIEROBJ  EHIEROBJECT75                                      NONE                
JFCTRIAD  HIEROBJECT11                                                          
4.2135334244608E-01 -1.110223024625E-16 9.0689655463538E-01 0.000000000000E+00  
-6.322846901480E-01 7.1688051746752E-01 2.9376588345126E-01 0.000000000000E+00  
-6.501364713765E-01 -6.971960439328E-01 3.0206000216941E-01 0.000000000000E+00  
2.8905088107158E-02 1.6227483309473E-01 4.0934309207261E-01 1.0000000000000E+00 
HIEROBJ  EHIEROBJECT76                                      NONE                
JFCTRIAD  HIEROBJECT13                                                          
-7.191502376573E-01 6.8554040449763E-01 1.1338998844085E-01 0.000000000000E+00  
6.7910826717452E-01 7.2797522177828E-01 -9.414901981479E-02 0.000000000000E+00  
-1.470880591096E-01 9.2967885899905E-03 -9.890797099270E-01 0.000000000000E+00  
0.000000000000E+00  0.000000000000E+00  0.000000000000E+00  1.0000000000000E+00 
HIEROBJ  EHIEROBJECT77                                      NONE                
JFCTRIAD  HIEROBJECT13                                                          
-7.191502376573E-01 6.8554040449763E-01 1.1338998844085E-01 0.000000000000E+00  
6.7910826717452E-01 7.2797522177828E-01 -9.414901981479E-02 0.000000000000E+00  
-1.470880591096E-01 9.2967885899905E-03 -9.890797099270E-01 0.000000000000E+00  
3.0762209840000E-02 1.2618877564000E-01 4.0873386987000E-01 1.0000000000000E+00 
HIEROBJ  EHIEROBJECT78                                      NONE                
JFCTRIAD  HIEROBJECT13                                                          
1.3731695099158E-01 0.000000000000E+00  9.9052716013766E-01 0.000000000000E+00  
-7.212143581479E-01 6.8545855827774E-01 9.9982070818183E-02 0.000000000000E+00  
-6.789653191229E-01 -7.281116431453E-01 9.4125079253781E-02 0.000000000000E+00  
2.6070960751832E-02 1.2846763580871E-01 3.9253628236943E-01 1.0000000000000E+00 
HIEROBJ  EHIEROBJECT79                                      NONE                
JFCTRIAD  HIEROBJECT13                                                          
1.3731695099166E-01 0.000000000000E+00  9.9052716013765E-01 0.000000000000E+00  
-7.212143581441E-01 6.8545855828179E-01 9.9982070817724E-02 0.000000000000E+00  
-6.789653191269E-01 -7.281116431415E-01 9.4125079254398E-02 0.000000000000E+00  
3.0610923583085E-02 1.2766728405076E-01 4.2602828706696E-01 1.0000000000000E+00 
HIEROBJ  EHIEROBJECT80                                      NONE                
JFCTRIAD  HIEROBJECT15                                                          
-3.588549890953E-01 -3.864727512471E-01 8.4962456964523E-01 0.000000000000E+00  
8.4994267741954E-02 8.9294183673801E-01 4.4207561644357E-01 0.000000000000E+00  
-9.295155035030E-01 2.3085425867074E-01 -2.875886645909E-01 0.000000000000E+00  
0.000000000000E+00  0.000000000000E+00  0.000000000000E+00  1.0000000000000E+00 
HIEROBJ  EHIEROBJECT81                                      NONE                
JFCTRIAD  HIEROBJECT15                                                          
-3.588549890953E-01 -3.864727512471E-01 8.4962456964523E-01 0.000000000000E+00  
8.4994267741954E-02 8.9294183673801E-01 4.4207561644357E-01 0.000000000000E+00  
-9.295155035030E-01 2.3085425867074E-01 -2.875886645909E-01 0.000000000000E+00  
8.5070058210000E-02 1.3448113016000E-01 3.5095032694000E-01 1.0000000000000E+00 
HIEROBJ  EHIEROBJECT82                                      NONE                
