HIEROBJ  EWORLD                                             NONE                
ROOT                                                                            
1.0000000000000E+00 0.000000000000E+00  0.000000000000E+00  0.000000000000E+00  
0.000000000000E+00  1.0000000000000E+00 0.000000000000E+00  0.000000000000E+00  
0.000000000000E+00  0.000000000000E+00  1.0000000000000E+00 0.000000000000E+00  
0.000000000000E+00  0.000000000000E+00  0.000000000000E+00  1.0000000000000E+00 
HIEROBJ  EHIEROBJECT1                                       NONE                
BODYNCBF  WORLD                                   BODY1                         
1.0000000000000E+00 0.000000000000E+00  0.000000000000E+00  0.000000000000E+00  
0.000000000000E+00  1.0000000000000E+00 0.000000000000E+00  0.000000000000E+00  
0.000000000000E+00  0.000000000000E+00  1.0000000000000E+00 0.000000000000E+00  
0.000000000000E+00  0.000000000000E+00  0.000000000000E+00  1.0000000000000E+00 
HIEROBJ  EHIEROBJECT2                                       NONE                
CGTRIAD   HIEROBJECT1                                                           
-6.344248230026E-03 1.9990740252693E-05 9.9997987485487E-01 0.000000000000E+00  
9.9981300371386E-01 -1.826792046216E-02 6.3435547333816E-03 0.000000000000E+00  
1.8267679629962E-02 9.9983312741795E-01 9.5909219999800E-05 0.000000000000E+00  
-6.370383000000E-05 1.0744864937000E-01 1.6744590000000E-05 1.0000000000000E+00 
HIEROBJ  EHIEROBJECT3                                       NONE                
BODYNCBF  WORLD                                   BODY2                         
1.0000000000000E+00 0.000000000000E+00  0.000000000000E+00  0.000000000000E+00  
0.000000000000E+00  1.0000000000000E+00 0.000000000000E+00  0.000000000000E+00  
0.000000000000E+00  0.000000000000E+00  1.0000000000000E+00 0.000000000000E+00  
0.000000000000E+00  0.000000000000E+00  0.000000000000E+00  1.0000000000000E+00 
HIEROBJ  EHIEROBJECT4                                       NONE                
CGTRIAD   HIEROBJECT3                                                           
3.4298681636902E-06 9.9999999988165E-01 -1.499793998473E-05 0.000000000000E+00  
8.2643996623208E-03 1.4969081992873E-05 9.9996584915393E-01 0.000000000000E+00  
9.9996584926009E-01 -3.553700000936E-06 -8.264399610001E-03 0.000000000000E+00  
9.7290798190000E-02 1.5500015628000E-01 -7.430874000000E-05 1.0000000000000E+00 
HIEROBJ  EHIEROBJECT5                                       NONE                
BODYNCBF  WORLD                                   BODY3                         
1.0000000000000E+00 0.000000000000E+00  0.000000000000E+00  0.000000000000E+00  
0.000000000000E+00  1.0000000000000E+00 0.000000000000E+00  0.000000000000E+00  
0.000000000000E+00  0.000000000000E+00  1.0000000000000E+00 0.000000000000E+00  
0.000000000000E+00  0.000000000000E+00  0.000000000000E+00  1.0000000000000E+00 
HIEROBJ  EHIEROBJECT6                                       NONE                
CGTRIAD   HIEROBJECT5                                                           
3.5539885632867E-06 9.9999999988165E-01 -1.496901000001E-05 0.000000000000E+00  
-1.927724680230E-05 1.4969078508437E-05 9.9999999970216E-01 0.000000000000E+00  
9.9999999980788E-01 -3.553700000928E-06 1.9277299999953E-05 0.000000000000E+00  
-2.705579290000E-03 6.0000156280000E-02 -3.159572200000E-04 1.0000000000000E+00 
HIEROBJ  EHIEROBJECT7                                       NONE                
BODYNCBF  WORLD                                   BODY4                         
1.0000000000000E+00 0.000000000000E+00  0.000000000000E+00  0.000000000000E+00  
0.000000000000E+00  1.0000000000000E+00 0.000000000000E+00  0.000000000000E+00  
0.000000000000E+00  0.000000000000E+00  1.0000000000000E+00 0.000000000000E+00  
0.000000000000E+00  0.000000000000E+00  0.000000000000E+00  1.0000000000000E+00 
HIEROBJ  EHIEROBJECT8                                       NONE                
CGTRIAD   HIEROBJECT7                                                           
9.9999946238462E-01 -2.448609975526E-06 -1.036930316904E-03 0.000000000000E+00  
3.3396391663389E-06 9.9999963080102E-01 8.5929428899030E-04 0.000000000000E+00  
1.0369278299935E-03 -8.592972899936E-04 9.9999909319401E-01 0.000000000000E+00  
2.1795275635000E-01 1.5499999871000E-01 -9.449212100000E-04 1.0000000000000E+00 
HIEROBJ  EHIEROBJECT9                                       NONE                
BODYNCBF  WORLD                                   BODY5                         
1.0000000000000E+00 0.000000000000E+00  0.000000000000E+00  0.000000000000E+00  
0.000000000000E+00  1.0000000000000E+00 0.000000000000E+00  0.000000000000E+00  
0.000000000000E+00  0.000000000000E+00  1.0000000000000E+00 0.000000000000E+00  
0.000000000000E+00  0.000000000000E+00  0.000000000000E+00  1.0000000000000E+00 
HIEROBJ  EHIEROBJECT10                                      NONE                
CGTRIAD   HIEROBJECT9                                                           
9.9999946238462E-01 2.4486099894034E-06 1.0369303169037E-03 0.000000000000E+00  
-3.339639180224E-06 9.9999963080102E-01 8.5929428899722E-04 0.000000000000E+00  
-1.036927829993E-03 -8.592972900005E-04 9.9999909319401E-01 0.000000000000E+00  
1.1795981100000E-01 6.0000001290000E-02 -2.739814000000E-04 1.0000000000000E+00 
HIEROBJ  EHIEROBJECT11                                      NONE                
BODYNCBF  WORLD                                   BODY6                         
1.0000000000000E+00 0.000000000000E+00  0.000000000000E+00  0.000000000000E+00  
0.000000000000E+00  1.0000000000000E+00 0.000000000000E+00  0.000000000000E+00  
0.000000000000E+00  0.000000000000E+00  1.0000000000000E+00 0.000000000000E+00  
0.000000000000E+00  0.000000000000E+00  0.000000000000E+00  1.0000000000000E+00 
HIEROBJ  EHIEROBJECT12                                      NONE                
CGTRIAD   HIEROBJECT11                                                          
0.000000000000E+00  6.8615141600319E-03 9.9997645953464E-01 0.000000000000E+00  
1.0000000000000E+00 0.000000000000E+00  0.000000000000E+00  0.000000000000E+00  
0.000000000000E+00  9.9997645953464E-01 -6.861514160032E-03 0.000000000000E+00  
1.6644490974000E-01 1.0750000000000E-01 -6.094513000000E-04 1.0000000000000E+00 
HIEROBJ  EHIEROBJECT13                                      NONE                
BODYNCBF  WORLD                                   BODY7                         
1.0000000000000E+00 0.000000000000E+00  0.000000000000E+00  0.000000000000E+00  
0.000000000000E+00  1.0000000000000E+00 0.000000000000E+00  0.000000000000E+00  
0.000000000000E+00  0.000000000000E+00  1.0000000000000E+00 0.000000000000E+00  
0.000000000000E+00  0.000000000000E+00  0.000000000000E+00  1.0000000000000E+00 
HIEROBJ  EHIEROBJECT14                                      NONE                
CGTRIAD   HIEROBJECT13                                                          
1.0000000000000E+00 0.000000000000E+00  0.000000000000E+00  0.000000000000E+00  
0.000000000000E+00  1.0000000000000E+00 0.000000000000E+00  0.000000000000E+00  
0.000000000000E+00  0.000000000000E+00  1.0000000000000E+00 0.000000000000E+00  
0.000000000000E+00  0.000000000000E+00  0.000000000000E+00  1.0000000000000E+00 
HIEROBJ  EHIEROBJECT15                                      NONE                
JFCTRIAD  HIEROBJECT1                                                           
-6.344248230026E-03 1.9990740252573E-05 9.9997987485487E-01 0.000000000000E+00  
9.9981300371386E-01 -1.826792046216E-02 6.3435547333812E-03 0.000000000000E+00  
1.8267679629962E-02 9.9983312741795E-01 9.5909219999912E-05 0.000000000000E+00  
0.000000000000E+00  0.000000000000E+00  0.000000000000E+00  1.0000000000000E+00 
HIEROBJ  EHIEROBJECT16                                      NONE                
JFCTRIAD  HIEROBJECT1                                                           
-6.344248230026E-03 1.9990740252573E-05 9.9997987485487E-01 0.000000000000E+00  
9.9981300371386E-01 -1.826792046216E-02 6.3435547333812E-03 0.000000000000E+00  
1.8267679629962E-02 9.9983312741795E-01 9.5909219999912E-05 0.000000000000E+00  
-6.370383000000E-05 1.0744864937000E-01 1.6744590000000E-05 1.0000000000000E+00 
HIEROBJ  EHIEROBJECT17                                      NONE                
JFCTRIAD  HIEROBJECT1                                                           
4.4408920985006E-16 4.4408920985006E-16 -1.000000000000E+00 0.000000000000E+00  
-1.000000000000E+00 0.000000000000E+00  -4.440892098501E-16 0.000000000000E+00  
0.000000000000E+00  1.0000000000000E+00 4.4408920985006E-16 0.000000000000E+00  
0.000000000000E+00  2.1500000000000E-01 0.000000000000E+00  1.0000000000000E+00 
HIEROBJ  EHIEROBJECT18                                      NONE                
JFCTRIAD  HIEROBJECT1                                                           
4.4408920985006E-16 4.4408920985006E-16 -1.000000000000E+00 0.000000000000E+00  
-1.000000000000E+00 0.000000000000E+00  -4.440892098501E-16 0.000000000000E+00  
0.000000000000E+00  1.0000000000000E+00 4.4408920985006E-16 0.000000000000E+00  
4.9998996963446E-02 1.7000000000000E-01 3.1670593513242E-04 1.0000000000000E+00 
HIEROBJ  EHIEROBJECT19                                      NONE                
JFCTRIAD  HIEROBJECT1                                                           
4.4408920985006E-16 4.4408920985006E-16 -1.000000000000E+00 0.000000000000E+00  
-1.000000000000E+00 0.000000000000E+00  -4.440892098501E-16 0.000000000000E+00  
0.000000000000E+00  1.0000000000000E+00 4.4408920985006E-16 0.000000000000E+00  
-4.999899696345E-02 7.5000000000000E-02 -3.167059351324E-04 1.0000000000000E+00 
HIEROBJ  EHIEROBJECT20                                      NONE                
JFCTRIAD  HIEROBJECT3                                                           
3.4298681635786E-06 9.9999999988165E-01 -1.499793998477E-05 0.000000000000E+00  
8.2643996623212E-03 1.4969081992911E-05 9.9996584915393E-01 0.000000000000E+00  
9.9996584926009E-01 -3.553700000825E-06 -8.264399610001E-03 0.000000000000E+00  
0.000000000000E+00  0.000000000000E+00  0.000000000000E+00  1.0000000000000E+00 
HIEROBJ  EHIEROBJECT21                                      NONE                
JFCTRIAD  HIEROBJECT3                                                           
3.4298681635786E-06 9.9999999988165E-01 -1.499793998477E-05 0.000000000000E+00  
8.2643996623212E-03 1.4969081992911E-05 9.9996584915393E-01 0.000000000000E+00  
9.9996584926009E-01 -3.553700000825E-06 -8.264399610001E-03 0.000000000000E+00  
9.7290798190000E-02 1.5500015628000E-01 -7.430874000000E-05 1.0000000000000E+00 
HIEROBJ  EHIEROBJECT22                                      NONE                
JFCTRIAD  HIEROBJECT3                                                           
4.4408920985006E-16 4.4408920985006E-16 -1.000000000000E+00 0.000000000000E+00  
-1.000000000000E+00 0.000000000000E+00  -4.440892098501E-16 0.000000000000E+00  
0.000000000000E+00  1.0000000000000E+00 4.4408920985006E-16 0.000000000000E+00  
4.9998996963446E-02 1.7000000000000E-01 3.1670593513242E-04 1.0000000000000E+00 
HIEROBJ  EHIEROBJECT23                                      NONE                
JFCTRIAD  HIEROBJECT3                                                           
4.4408920985006E-16 4.4408920985006E-16 1.0000000000000E+00 0.000000000000E+00  
-1.000000000000E+00 0.000000000000E+00  4.4408920985006E-16 0.000000000000E+00  
0.000000000000E+00  -1.000000000000E+00 4.4408920985006E-16 0.000000000000E+00  
2.0515089601201E-01 1.8500000000000E-01 -9.353808976618E-04 1.0000000000000E+00 
HIEROBJ  EHIEROBJECT24                                      NONE                
JFCTRIAD  HIEROBJECT5                                                           
3.5539885632388E-06 9.9999999988165E-01 -1.496900999992E-05 0.000000000000E+00  
-1.927724680219E-05 1.4969078508349E-05 9.9999999970216E-01 0.000000000000E+00  
9.9999999980788E-01 -3.553700000880E-06 1.9277299999843E-05 0.000000000000E+00  
0.000000000000E+00  0.000000000000E+00  0.000000000000E+00  1.0000000000000E+00 
HIEROBJ  EHIEROBJECT25                                      NONE                
JFCTRIAD  HIEROBJECT5                                                           
3.5539885632388E-06 9.9999999988165E-01 -1.496900999992E-05 0.000000000000E+00  
-1.927724680219E-05 1.4969078508349E-05 9.9999999970216E-01 0.000000000000E+00  
9.9999999980788E-01 -3.553700000880E-06 1.9277299999843E-05 0.000000000000E+00  
-2.705579290000E-03 6.0000156280000E-02 -3.159572200000E-04 1.0000000000000E+00 
HIEROBJ  EHIEROBJECT26                                      NONE                
JFCTRIAD  HIEROBJECT5                                                           
4.4408920985006E-16 4.4408920985006E-16 -1.000000000000E+00 0.000000000000E+00  
-1.000000000000E+00 0.000000000000E+00  -4.440892098501E-16 0.000000000000E+00  
0.000000000000E+00  1.0000000000000E+00 4.4408920985006E-16 0.000000000000E+00  
-4.999899696345E-02 7.5000000000000E-02 -3.167059351324E-04 1.0000000000000E+00 
HIEROBJ  EHIEROBJECT27                                      NONE                
JFCTRIAD  HIEROBJECT5                                                           
4.4408920985006E-16 4.4408920985006E-16 1.0000000000000E+00 0.000000000000E+00  
-1.000000000000E+00 0.000000000000E+00  4.4408920985006E-16 0.000000000000E+00  
0.000000000000E+00  -1.000000000000E+00 4.4408920985006E-16 0.000000000000E+00  
1.0515795066901E-01 9.0000000000000E-02 -2.835217071967E-04 1.0000000000000E+00 
HIEROBJ  EHIEROBJECT28                                      NONE                
JFCTRIAD  HIEROBJECT7                                                           
9.9999946238462E-01 -2.448609975526E-06 -1.036930316904E-03 0.000000000000E+00  
3.3396391663389E-06 9.9999963080102E-01 8.5929428899030E-04 0.000000000000E+00  
1.0369278299935E-03 -8.592972899936E-04 9.9999909319401E-01 0.000000000000E+00  
0.000000000000E+00  0.000000000000E+00  0.000000000000E+00  1.0000000000000E+00 
HIEROBJ  EHIEROBJECT29                                      NONE                
JFCTRIAD  HIEROBJECT7                                                           
9.9999946238462E-01 -2.448609975531E-06 -1.036930316904E-03 0.000000000000E+00  
3.3396391663438E-06 9.9999963080102E-01 8.5929428899030E-04 0.000000000000E+00  
1.0369278299935E-03 -8.592972899936E-04 9.9999909319401E-01 0.000000000000E+00  
2.1795275635000E-01 1.5499999871000E-01 -9.449212100000E-04 1.0000000000000E+00 
HIEROBJ  EHIEROBJECT30                                      NONE                
JFCTRIAD  HIEROBJECT7                                                           
4.4408920985006E-16 4.4408920985006E-16 1.0000000000000E+00 0.000000000000E+00  
-1.000000000000E+00 0.000000000000E+00  4.4408920985006E-16 0.000000000000E+00  
0.000000000000E+00  -1.000000000000E+00 4.4408920985006E-16 0.000000000000E+00  
2.0515089601201E-01 1.8500000000000E-01 -9.353808976618E-04 1.0000000000000E+00 
HIEROBJ  EHIEROBJECT31                                      NONE                
JFCTRIAD  HIEROBJECT7                                                           
2.2204460492503E-16 0.000000000000E+00  -1.000000000000E+00 0.000000000000E+00  
0.000000000000E+00  1.0000000000000E+00 0.000000000000E+00  0.000000000000E+00  
1.0000000000000E+00 0.000000000000E+00  2.2204460492503E-16 0.000000000000E+00  
2.5500000000000E-01 1.5500000000000E-01 -9.353808976618E-04 1.0000000000000E+00 
HIEROBJ  EHIEROBJECT32                                      NONE                
JFCTRIAD  HIEROBJECT9                                                           
9.9999946238462E-01 2.4486099894034E-06 1.0369303169037E-03 0.000000000000E+00  
-3.339639180224E-06 9.9999963080102E-01 8.5929428899722E-04 0.000000000000E+00  
-1.036927829993E-03 -8.592972900005E-04 9.9999909319401E-01 0.000000000000E+00  
0.000000000000E+00  0.000000000000E+00  0.000000000000E+00  1.0000000000000E+00 
HIEROBJ  EHIEROBJECT33                                      NONE                
JFCTRIAD  HIEROBJECT9                                                           
9.9999946238462E-01 2.4486099894014E-06 1.0369303169037E-03 0.000000000000E+00  
-3.339639180222E-06 9.9999963080102E-01 8.5929428899723E-04 0.000000000000E+00  
-1.036927829993E-03 -8.592972900005E-04 9.9999909319401E-01 0.000000000000E+00  
1.1795981100000E-01 6.0000001290000E-02 -2.739814000000E-04 1.0000000000000E+00 
HIEROBJ  EHIEROBJECT34                                      NONE                
JFCTRIAD  HIEROBJECT9                                                           
4.4408920985006E-16 4.4408920985006E-16 1.0000000000000E+00 0.000000000000E+00  
-1.000000000000E+00 0.000000000000E+00  4.4408920985006E-16 0.000000000000E+00  
0.000000000000E+00  -1.000000000000E+00 4.4408920985006E-16 0.000000000000E+00  
1.0515795066901E-01 9.0000000000000E-02 -2.835217071967E-04 1.0000000000000E+00 
HIEROBJ  EHIEROBJECT35                                      NONE                
JFCTRIAD  HIEROBJECT9                                                           
2.2204460492503E-16 0.000000000000E+00  -1.000000000000E+00 0.000000000000E+00  
0.000000000000E+00  1.0000000000000E+00 0.000000000000E+00  0.000000000000E+00  
1.0000000000000E+00 0.000000000000E+00  2.2204460492503E-16 0.000000000000E+00  
2.5500000000000E-01 6.0000000000000E-02 -2.835217071967E-04 1.0000000000000E+00 
HIEROBJ  EHIEROBJECT36                                      NONE                
JFCTRIAD  HIEROBJECT11                                                          
2.2204460492503E-16 6.8615141600318E-03 9.9997645953464E-01 0.000000000000E+00  
1.0000000000000E+00 0.000000000000E+00  -2.220393778917E-16 0.000000000000E+00  
0.000000000000E+00  9.9997645953464E-01 -6.861514160032E-03 0.000000000000E+00  
0.000000000000E+00  0.000000000000E+00  0.000000000000E+00  1.0000000000000E+00 
HIEROBJ  EHIEROBJECT37                                      NONE                
JFCTRIAD  HIEROBJECT11                                                          
2.2204460492503E-16 6.8615141600318E-03 9.9997645953464E-01 0.000000000000E+00  
1.0000000000000E+00 0.000000000000E+00  -2.220393778917E-16 0.000000000000E+00  
0.000000000000E+00  9.9997645953464E-01 -6.861514160032E-03 0.000000000000E+00  
1.6644490974000E-01 1.0750000000000E-01 -6.094513000000E-04 1.0000000000000E+00 
HIEROBJ  EHIEROBJECT38                                      NONE                
JFCTRIAD  HIEROBJECT11                                                          
2.2204460492503E-16 0.000000000000E+00  -1.000000000000E+00 0.000000000000E+00  
0.000000000000E+00  1.0000000000000E+00 0.000000000000E+00  0.000000000000E+00  
1.0000000000000E+00 0.000000000000E+00  2.2204460492503E-16 0.000000000000E+00  
2.5500000000000E-01 6.0000000000000E-02 -2.835217071967E-04 1.0000000000000E+00 
HIEROBJ  EHIEROBJECT39                                      NONE                
JFCTRIAD  HIEROBJECT11                                                          
2.2204460492503E-16 0.000000000000E+00  -1.000000000000E+00 0.000000000000E+00  
0.000000000000E+00  1.0000000000000E+00 0.000000000000E+00  0.000000000000E+00  
1.0000000000000E+00 0.000000000000E+00  2.2204460492503E-16 0.000000000000E+00  
2.5500000000000E-01 1.5500000000000E-01 -9.353808976618E-04 1.0000000000000E+00 
HIEROBJ  EHIEROBJECT40                                      NONE                
JFCTRIAD  HIEROBJECT11                                                          
2.2204460492503E-16 0.000000000000E+00  -1.000000000000E+00 0.000000000000E+00  
0.000000000000E+00  1.0000000000000E+00 0.000000000000E+00  0.000000000000E+00  
1.0000000000000E+00 0.000000000000E+00  2.2204460492503E-16 0.000000000000E+00  
2.5500000000000E-01 6.0000000000000E-02 -2.835217071967E-04 1.0000000000000E+00 
HIEROBJ  EHIEROBJECT41                                      NONE                
JFCTRIAD  HIEROBJECT13                                                          
2.2204460492503E-16 0.000000000000E+00  -1.000000000000E+00 0.000000000000E+00  
0.000000000000E+00  1.0000000000000E+00 0.000000000000E+00  0.000000000000E+00  
1.0000000000000E+00 0.000000000000E+00  2.2204460492503E-16 0.000000000000E+00  
2.5500000000000E-01 6.0000000000000E-02 -2.835217071967E-04 1.0000000000000E+00 
HIEROBJ  EHIEROBJECT42                                      NONE                
JFCTRIAD  HIEROBJECT13                                                          
4.4408920985006E-16 4.4408920985006E-16 -1.000000000000E+00 0.000000000000E+00  
-1.000000000000E+00 0.000000000000E+00  -4.440892098501E-16 0.000000000000E+00  
0.000000000000E+00  1.0000000000000E+00 4.4408920985006E-16 0.000000000000E+00  
0.000000000000E+00  2.1500000000000E-01 0.000000000000E+00  1.0000000000000E+00 
HIEROBJ  EHIEROBJECT43                                      NONE                
JFCTRIAD  HIEROBJECT13                                                          
1.0000000000000E+00 0.000000000000E+00  0.000000000000E+00  0.000000000000E+00  
0.000000000000E+00  1.0000000000000E+00 0.000000000000E+00  0.000000000000E+00  
0.000000000000E+00  0.000000000000E+00  1.0000000000000E+00 0.000000000000E+00  
0.000000000000E+00  0.000000000000E+00  0.000000000000E+00  1.0000000000000E+00 
NAMEMAP   WORLD               5    5    UTF8 UTF8 ELEMENT                       
WORLD                                                                           
WORLD                                                                           
NAMEMAP   HIEROBJECT1         14   14   UTF8 UTF8 ELEMENT                       
B001/B001_NCBF                                                                  
B001/B001_NCBF                                                                  
NAMEMAP   HIEROBJECT2         12   12   UTF8 UTF8 ELEMENT                       
B001/B001_cm                                                                    
B001/B001_cm                                                                    
NAMEMAP   HIEROBJECT3         14   14   UTF8 UTF8 ELEMENT                       
B002/B002_NCBF                                                                  
B002/B002_NCBF                                                                  
NAMEMAP   HIEROBJECT4         12   12   UTF8 UTF8 ELEMENT                       
B002/B002_cm                                                                    
B002/B002_cm                                                                    
NAMEMAP   HIEROBJECT5         14   14   UTF8 UTF8 ELEMENT                       
B003/B003_NCBF                                                                  
B003/B003_NCBF                                                                  
NAMEMAP   HIEROBJECT6         12   12   UTF8 UTF8 ELEMENT                       
B003/B003_cm                                                                    
B003/B003_cm                                                                    
NAMEMAP   HIEROBJECT7         14   14   UTF8 UTF8 ELEMENT                       
B004/B004_NCBF                                                                  
B004/B004_NCBF                                                                  
NAMEMAP   HIEROBJECT8         12   12   UTF8 UTF8 ELEMENT                       
B004/B004_cm                                                                    
B004/B004_cm                                                                    
NAMEMAP   HIEROBJECT9         14   14   UTF8 UTF8 ELEMENT                       
B005/B005_NCBF                                                                  
B005/B005_NCBF                                                                  
NAMEMAP   HIEROBJECT10        12   12   UTF8 UTF8 ELEMENT                       
B005/B005_cm                                                                    
B005/B005_cm                                                                    
NAMEMAP   HIEROBJECT11        14   14   UTF8 UTF8 ELEMENT                       
B006/B006_NCBF                                                                  
B006/B006_NCBF                                                                  
NAMEMAP   HIEROBJECT12        12   12   UTF8 UTF8 ELEMENT                       
B006/B006_cm                                                                    
B006/B006_cm                                                                    
NAMEMAP   HIEROBJECT13        26   26   UTF8 UTF8 ELEMENT                       
the_ground/the_ground_NCBF                                                      
the_ground/the_ground_NCBF                                                      
NAMEMAP   HIEROBJECT14        13   13   UTF8 UTF8 ELEMENT                       
the_ground_cm                                                                   
the_ground_cm                                                                   
NAMEMAP   HIEROBJECT15        13   13   UTF8 UTF8 ELEMENT                       
B001/B001_coi                                                                   
B001/B001_coi                                                                   
NAMEMAP   HIEROBJECT16        13   13   UTF8 UTF8 ELEMENT                       
B001/B001_com                                                                   
B001/B001_com                                                                   
NAMEMAP   HIEROBJECT17        5    11   UTF8 UTF8 ELEMENT                       
3/101                                                                           
B001/J002_i                                                                     
NAMEMAP   HIEROBJECT18        5    11   UTF8 UTF8 ELEMENT                       
3/126                                                                           
B001/J003_j                                                                     
NAMEMAP   HIEROBJECT19        5    11   UTF8 UTF8 ELEMENT                       
3/150                                                                           
B001/J004_j                                                                     
NAMEMAP   HIEROBJECT20        13   13   UTF8 UTF8 ELEMENT                       
B002/B002_coi                                                                   
B002/B002_coi                                                                   
NAMEMAP   HIEROBJECT21        13   13   UTF8 UTF8 ELEMENT                       
B002/B002_com                                                                   
B002/B002_com                                                                   
NAMEMAP   HIEROBJECT22        6    11   UTF8 UTF8 ELEMENT                       
15/125                                                                          
B002/J003_i                                                                     
NAMEMAP   HIEROBJECT23        6    11   UTF8 UTF8 ELEMENT                       
15/174                                                                          
B002/J005_j                                                                     
NAMEMAP   HIEROBJECT24        13   13   UTF8 UTF8 ELEMENT                       
B003/B003_coi                                                                   
B003/B003_coi                                                                   
NAMEMAP   HIEROBJECT25        13   13   UTF8 UTF8 ELEMENT                       
B003/B003_com                                                                   
B003/B003_com                                                                   
NAMEMAP   HIEROBJECT26        6    11   UTF8 UTF8 ELEMENT                       
27/149                                                                          
B003/J004_i                                                                     
NAMEMAP   HIEROBJECT27        6    11   UTF8 UTF8 ELEMENT                       
27/198                                                                          
B003/J006_j                                                                     
NAMEMAP   HIEROBJECT28        13   13   UTF8 UTF8 ELEMENT                       
B004/B004_coi                                                                   
B004/B004_coi                                                                   
NAMEMAP   HIEROBJECT29        13   13   UTF8 UTF8 ELEMENT                       
B004/B004_com                                                                   
B004/B004_com                                                                   
NAMEMAP   HIEROBJECT30        6    11   UTF8 UTF8 ELEMENT                       
39/173                                                                          
B004/J005_i                                                                     
NAMEMAP   HIEROBJECT31        6    11   UTF8 UTF8 ELEMENT                       
39/221                                                                          
B004/J007_i                                                                     
NAMEMAP   HIEROBJECT32        13   13   UTF8 UTF8 ELEMENT                       
B005/B005_coi                                                                   
B005/B005_coi                                                                   
NAMEMAP   HIEROBJECT33        13   13   UTF8 UTF8 ELEMENT                       
B005/B005_com                                                                   
B005/B005_com                                                                   
NAMEMAP   HIEROBJECT34        6    11   UTF8 UTF8 ELEMENT                       
51/197                                                                          
B005/J006_i                                                                     
NAMEMAP   HIEROBJECT35        6    11   UTF8 UTF8 ELEMENT                       
51/242                                                                          
B005/J008_i                                                                     
NAMEMAP   HIEROBJECT36        13   13   UTF8 UTF8 ELEMENT                       
B006/B006_coi                                                                   
B006/B006_coi                                                                   
NAMEMAP   HIEROBJECT37        13   13   UTF8 UTF8 ELEMENT                       
B006/B006_com                                                                   
B006/B006_com                                                                   
NAMEMAP   HIEROBJECT38        5    11   UTF8 UTF8 ELEMENT                       
63/84                                                                           
B006/J001_i                                                                     
NAMEMAP   HIEROBJECT39        6    11   UTF8 UTF8 ELEMENT                       
63/222                                                                          
B006/J007_j                                                                     
NAMEMAP   HIEROBJECT40        6    11   UTF8 UTF8 ELEMENT                       
63/243                                                                          
B006/J008_j                                                                     
NAMEMAP   HIEROBJECT41        4    17   UTF8 UTF8 ELEMENT                       
2/85                                                                            
the_ground/J001_j                                                               
NAMEMAP   HIEROBJECT42        5    17   UTF8 UTF8 ELEMENT                       
2/102                                                                           
the_ground/J002_j                                                               
NAMEMAP   HIEROBJECT43        1    14   UTF8 UTF8 ELEMENT                       
1                                                                               
the_ground/gnd                                                                  
NAMEMAP   CURRENT_DIRECTORY   106  0    UTF8 UTF8 FILE                          
C:\Users\Hasaan\Documents\CAD-Designs-Prototypes-Models\Lab4_100826944\Lab4_ICE 
Assembly\Lab4_ICE Assembly                                                      
SYSTEM   GMETER               DYNAMIC             SPARSE    FULL_NCBF      TRUE 
9.8066500000000E+00 -1.000000000000E+00 -0.000000000000E+00 -0.000000000000E+00 
1.0000000000000E+00 0.000000000000E+00  5.0000000000000E+00 1.0000000000000E-02 
1.0000000000000E-09 1.0000000000000E-03 NULL_FALSEBINARY_ONLFALSEKILOGNEWTO    1
NONE                NONE                    1NONE                TRUE ITERAFALSE
NONE                NONE                                                        
NONE                                                                            
HEADER                                                                          
SET_IASIZE =    5000000;                                                        
SET_DASIZE =    5000000;                                                        
SDK_BUILD_INFO = RC2212P1400rc1 2022-10-17                                      
END                                                                             
DYNAMIC  ETRUE      INTERPOLATED        GLOBAL    BDF           1     HARWELL   
5.0000000000000E-02 1.0000000000000E-03 1.0000000000000E-03 1.0000000000000E-03 
NONE                QR       1TRUE                                              
PRELOAD  F          0.000000000000E+00      0                                   
NONE                                                                            
NONE                                                                            
NCBF     EBODY1_REF           BODY1               PARAMETERSPOSITIVE            
HIEROBJECT1                                                                     
0.000000000000E+00  0.000000000000E+00  0.000000000000E+00                      
BODY     EBODY1               POSITIVE  PARAMETERSFALSEFALSEFALSEFALSE          
NONE                NONE                NONE                                    
NONE                NONE                NONE                                    
HIEROBJECT2                                                                     
0.000000000000E+00  0.000000000000E+00  0.000000000000E+00                      
1.1386189479190E+01 5.2790425340000E-02 4.7346165730000E-02 2.4223630160000E-02 
0.000000000000E+00  0.000000000000E+00  0.000000000000E+00                      
0.000000000000E+00  0.000000000000E+00  0.000000000000E+00  FALSE               
0.000000000000E+00  0.000000000000E+00  0.000000000000E+00                      
NCBF     EBODY2_REF           BODY2               PARAMETERSPOSITIVE            
HIEROBJECT3                                                                     
0.000000000000E+00  0.000000000000E+00  0.000000000000E+00                      
BODY     EBODY2               POSITIVE  PARAMETERSFALSEFALSEFALSEFALSE          
NONE                NONE                NONE                                    
NONE                NONE                NONE                                    
HIEROBJECT4                                                                     
0.000000000000E+00  0.000000000000E+00  0.000000000000E+00                      
9.9711468318000E-01 3.5549859800000E-03 3.2827080500000E-03 3.5617909000000E-04 
0.000000000000E+00  0.000000000000E+00  0.000000000000E+00                      
0.000000000000E+00  0.000000000000E+00  0.000000000000E+00  FALSE               
0.000000000000E+00  0.000000000000E+00  0.000000000000E+00                      
NCBF     EBODY3_REF           BODY3               PARAMETERSPOSITIVE            
HIEROBJECT5                                                                     
0.000000000000E+00  0.000000000000E+00  0.000000000000E+00                      
BODY     EBODY3               POSITIVE  PARAMETERSFALSEFALSEFALSEFALSE          
NONE                NONE                NONE                                    
NONE                NONE                NONE                                    
HIEROBJECT6                                                                     
0.000000000000E+00  0.000000000000E+00  0.000000000000E+00                      
9.9711468318000E-01 3.5549859800000E-03 3.2827080500000E-03 3.5617909000000E-04 
0.000000000000E+00  0.000000000000E+00  0.000000000000E+00                      
0.000000000000E+00  0.000000000000E+00  0.000000000000E+00  FALSE               
0.000000000000E+00  0.000000000000E+00  0.000000000000E+00                      
NCBF     EBODY4_REF           BODY4               PARAMETERSPOSITIVE            
HIEROBJECT7                                                                     
0.000000000000E+00  0.000000000000E+00  0.000000000000E+00                      
BODY     EBODY4               POSITIVE  PARAMETERSFALSEFALSEFALSEFALSE          
NONE                NONE                NONE                                    
NONE                NONE                NONE                                    
HIEROBJECT8                                                                     
0.000000000000E+00  0.000000000000E+00  0.000000000000E+00                      
6.9977861267000E-01 6.3357894000000E-04 5.3763208000000E-04 5.2996340000000E-04 
0.000000000000E+00  0.000000000000E+00  0.000000000000E+00                      
0.000000000000E+00  0.000000000000E+00  0.000000000000E+00  FALSE               
0.000000000000E+00  0.000000000000E+00  0.000000000000E+00                      
NCBF     EBODY5_REF           BODY5               PARAMETERSPOSITIVE            
HIEROBJECT9                                                                     
0.000000000000E+00  0.000000000000E+00  0.000000000000E+00                      
BODY     EBODY5               POSITIVE  PARAMETERSFALSEFALSEFALSEFALSE          
NONE                NONE                NONE                                    
NONE                NONE                NONE                                    
HIEROBJECT10                                                                    
0.000000000000E+00  0.000000000000E+00  0.000000000000E+00                      
6.9977861267000E-01 6.3357894000000E-04 5.3763208000000E-04 5.2996340000000E-04 
0.000000000000E+00  0.000000000000E+00  0.000000000000E+00                      
0.000000000000E+00  0.000000000000E+00  0.000000000000E+00  FALSE               
0.000000000000E+00  0.000000000000E+00  0.000000000000E+00                      
NCBF     EBODY6_REF           BODY6               PARAMETERSPOSITIVE            
HIEROBJECT11                                                                    
0.000000000000E+00  0.000000000000E+00  0.000000000000E+00                      
BODY     EBODY6               POSITIVE  PARAMETERSFALSEFALSEFALSEFALSE          
NONE                NONE                NONE                                    
NONE                NONE                NONE                                    
HIEROBJECT12                                                                    
0.000000000000E+00  0.000000000000E+00  0.000000000000E+00                      
1.5359537745690E+01 7.9839606880000E-02 4.8403417570000E-02 4.5183018190000E-02 
0.000000000000E+00  0.000000000000E+00  0.000000000000E+00                      
0.000000000000E+00  0.000000000000E+00  0.000000000000E+00  FALSE               
0.000000000000E+00  0.000000000000E+00  0.000000000000E+00                      
NCBF     EBODY7_REF           BODY7               PARAMETERSPOSITIVE            
HIEROBJECT13                                                                    
0.000000000000E+00  0.000000000000E+00  0.000000000000E+00                      
BODY     EBODY7               POSITIVE  PARAMETERSTRUE FALSEFALSEFALSE          
